0.01 0.123
0.02 0.128
0.03 0.130
0.04 0.138
0.05 0.140
0.06 0.146
0.07 0.156
0.08 0.161
0.09 0.178
0.10 0.174
0.11 0.183
0.12 0.192
0.13 0.199
0.14 0.213
0.15 0.217
0.16 0.260
0.17 0.241
0.18 0.251
0.19 0.270
0.20 0.283
0.21 0.300
0.22 0.300
0.23 0.317
0.24 0.329
0.25 0.343
0.26 0.352
0.27 0.364
0.28 0.380
0.29 0.394
0.30 0.417
0.31 0.416
0.32 0.446
0.33 0.439
0.34 0.431
0.35 0.456
0.36 0.521
0.37 0.477
0.38 0.468
0.39 0.477
0.40 0.491
0.41 0.491
0.42 0.496
0.43 0.537
0.44 0.496
0.45 0.492
0.46 0.519
0.47 0.539
0.48 0.533
0.49 0.530
0.50 0.476
0.51 0.520
0.52 0.500
0.53 0.479
0.54 0.473
0.55 0.468
0.56 0.470
0.57 0.469
0.58 0.444
0.59 0.462
0.60 0.433
0.61 0.452
0.62 0.447
0.63 0.563
0.64 0.409
0.65 0.404
0.66 0.429
0.67 0.376
0.68 0.364
0.69 0.364
0.70 0.355
0.71 0.356
0.72 0.348
0.73 0.339
0.74 0.330
0.75 0.327
0.76 0.333
0.77 0.315
0.78 0.303
0.79 0.299
0.80 0.287
0.81 0.277
0.82 0.267
0.83 0.263
0.84 0.252
0.85 0.279
0.86 0.261
0.87 0.240
0.88 0.228
0.89 0.232
0.90 0.249
0.91 0.280
0.92 0.222
0.93 0.230
0.94 0.214
0.95 0.212
0.96 0.261
0.97 0.206
0.98 0.210
0.99 0.205
1.00 0.545
