0.01 0.258
0.02 0.240
0.03 0.184
0.04 0.121
0.05 0.126
0.06 0.132
0.07 0.141
0.08 0.146
0.09 0.155
0.10 0.164
0.11 0.176
0.12 0.185
0.13 0.230
0.14 0.217
0.15 0.229
0.16 0.249
0.17 0.295
0.18 0.300
0.19 0.322
0.20 0.353
0.21 0.378
0.22 0.406
0.23 0.432
0.24 0.509
0.25 0.539
0.26 0.569
0.27 0.613
0.28 0.644
0.29 0.764
0.30 0.752
0.31 0.786
0.32 0.815
0.33 0.861
0.34 0.939
0.35 0.998
0.36 1.021
0.37 1.085
0.38 1.183
0.39 1.308
0.40 1.278
0.41 1.441
0.42 1.431
0.43 1.518
0.44 1.570
0.45 1.684
0.46 1.678
0.47 1.781
0.48 1.824
0.49 1.866
0.50 1.916
0.51 2.070
0.52 2.065
0.53 2.087
0.54 2.172
0.55 2.257
0.56 2.350
0.57 2.871
0.58 2.456
0.59 2.500
0.60 2.655
0.61 2.632
0.62 2.904
0.63 3.034
0.64 2.879
0.65 2.893
0.66 2.870
0.67 2.942
0.68 2.959
0.69 3.180
0.70 3.107
0.71 3.271
0.72 3.160
0.73 3.336
0.74 3.290
0.75 3.223
0.76 3.342
0.77 3.463
0.78 3.402
0.79 3.524
0.80 3.451
0.81 3.348
0.82 3.505
0.83 3.449
0.84 3.450
0.85 3.573
0.86 3.437
0.87 3.565
0.88 3.476
0.89 5.960
0.90 3.549
0.91 3.527
0.92 3.522
0.93 3.727
0.94 3.618
0.95 3.498
0.96 3.524
0.97 3.540
0.98 3.494
0.99 3.607
1.00 3.786
