0.01 3.889
0.02 3.908
0.03 4.170
0.04 4.211
0.05 4.071
0.06 3.819
0.07 3.723
0.08 3.944
0.09 3.694
0.10 3.867
0.11 3.999
0.12 3.862
0.13 4.038
0.14 3.923
0.15 3.793
0.16 4.002
0.17 3.874
0.18 5.947
0.19 3.780
0.20 3.833
0.21 3.813
0.22 3.812
0.23 3.804
0.24 3.734
0.25 3.748
0.26 3.815
0.27 3.764
0.28 3.792
0.29 3.701
0.30 3.791
0.31 3.753
0.32 3.721
0.33 3.838
0.34 3.788
0.35 3.780
0.36 3.910
0.37 3.734
0.38 3.720
0.39 3.700
0.40 3.811
0.41 3.765
0.42 3.863
0.43 3.990
0.44 3.743
0.45 3.928
0.46 3.822
0.47 3.730
0.48 3.884
0.49 3.846
0.50 3.804
0.51 3.811
0.52 3.729
0.53 3.844
0.54 3.769
0.55 3.711
0.56 3.928
0.57 3.973
0.58 3.785
0.59 3.858
0.60 4.146
0.61 3.681
0.62 3.740
0.63 3.675
0.64 3.697
0.65 3.922
0.66 3.700
0.67 3.704
0.68 3.851
0.69 3.784
0.70 3.845
0.71 3.897
0.72 3.739
0.73 3.829
0.74 3.751
0.75 4.058
0.76 3.959
0.77 3.951
0.78 3.776
0.79 3.832
0.80 3.961
0.81 3.745
0.82 3.810
0.83 3.733
0.84 3.729
0.85 3.975
0.86 3.759
0.87 3.710
0.88 3.878
0.89 3.827
0.90 3.876
0.91 3.899
0.92 3.754
0.93 3.809
0.94 3.841
0.95 3.824
0.96 3.783
0.97 3.810
0.98 3.805
0.99 3.803
1.00 3.843
