10 0.442
11 0.485
12 0.462
13 0.483
14 0.491
15 0.496
16 0.560
17 0.535
18 0.504
19 0.519
20 0.448
21 0.604
22 0.480
23 0.408
24 0.516
25 0.516
26 0.499
27 0.452
28 0.513
29 0.453
30 0.563
31 0.468
32 0.523
33 0.483
34 0.518
35 0.496
36 0.500
37 0.443
38 0.516
39 0.487
40 0.535
41 0.499
42 0.437
43 0.513
44 0.485
45 0.520
46 0.483
47 0.518
48 0.464
49 0.419
50 0.494
51 0.477
52 0.453
53 0.468
54 0.484
55 0.521
56 0.466
57 0.453
58 0.493
59 0.489
60 0.518
61 0.448
62 0.491
63 0.435
64 0.476
65 0.509
66 0.822
67 0.460
68 0.457
69 0.489
70 0.498
71 0.453
72 0.466
73 0.436
74 0.481
75 0.493
76 0.566
77 0.467
78 0.468
79 0.505
80 0.483
81 0.459
82 0.533
83 0.501
84 0.494
85 0.490
86 0.499
87 0.446
88 0.474
89 0.437
90 0.579
91 0.592
92 0.486
93 0.503
94 0.505
95 0.487
96 0.469
97 0.474
98 0.493
99 0.496
100 0.513
