10 1.941
11 2.006
12 1.923
13 1.965
14 1.946
15 1.990
16 1.961
17 1.917
18 1.960
19 1.950
20 2.009
21 2.035
22 2.289
23 2.527
24 1.941
25 1.899
26 1.983
27 1.950
28 1.962
29 2.146
30 2.244
31 1.988
32 1.958
33 2.039
34 2.035
35 1.947
36 1.984
37 1.950
38 2.041
39 1.986
40 1.902
41 1.915
42 1.927
43 2.004
44 1.959
45 2.042
46 2.041
47 1.922
48 1.934
49 1.905
50 1.973
51 1.989
52 2.199
53 2.163
54 1.978
55 1.947
56 2.045
57 2.023
58 1.903
59 1.937
60 1.944
61 2.089
62 1.984
63 2.009
64 1.919
65 1.978
66 1.986
67 1.995
68 1.981
69 2.050
70 1.953
71 1.956
72 1.932
73 1.943
74 1.945
75 1.957
76 1.969
77 1.931
78 1.932
79 2.010
80 1.992
81 1.927
82 1.932
83 1.932
84 1.990
85 1.936
86 1.942
87 1.957
88 1.984
89 1.934
90 1.905
91 1.918
92 1.888
93 1.941
94 1.974
95 1.903
96 1.915
97 1.891
98 2.118
99 2.018
100 1.955
