10 0.137
11 0.137
12 0.154
13 0.138
14 0.180
15 0.141
16 0.139
17 0.140
18 0.139
19 0.136
20 0.138
21 0.136
22 0.168
23 0.137
24 0.137
25 0.139
26 0.137
27 0.144
28 0.136
29 0.143
30 0.135
31 0.190
32 0.139
33 0.137
34 0.139
35 0.137
36 0.138
37 0.141
38 0.139
39 0.138
40 0.137
41 0.148
42 0.137
43 0.162
44 0.136
45 0.136
46 0.138
47 0.137
48 0.143
49 0.139
50 0.140
51 0.137
52 0.141
53 0.142
54 0.139
55 0.140
56 0.139
57 0.143
58 0.161
59 0.155
60 0.145
61 0.145
62 0.141
63 0.139
64 0.141
65 0.140
66 0.139
67 0.142
68 0.139
69 0.142
70 0.150
71 0.172
72 0.139
73 0.139
74 0.142
75 0.139
76 0.196
77 0.139
78 0.160
79 0.139
80 0.139
81 0.140
82 0.139
83 0.141
84 0.136
85 0.163
86 0.177
87 0.151
88 0.139
89 0.137
90 0.141
91 0.144
92 0.138
93 0.140
94 0.152
95 0.142
96 0.138
97 0.140
98 0.138
99 0.136
100 0.140
