10 3.762
11 4.037
12 3.975
13 4.290
14 4.303
15 3.914
16 3.792
17 3.925
18 4.182
19 3.919
20 3.785
21 3.936
22 3.951
23 3.948
24 3.770
25 3.718
26 3.858
27 3.851
28 3.683
29 3.829
30 3.828
31 3.674
32 4.004
33 3.692
34 3.887
35 3.908
36 3.843
37 3.849
38 3.769
39 3.690
40 3.698
41 3.757
42 3.918
43 3.895
44 3.675
45 4.234
46 4.007
47 3.845
48 3.860
49 3.850
50 3.825
51 3.597
52 3.893
53 3.689
54 3.887
55 3.848
56 3.812
57 3.746
58 3.823
59 3.750
60 3.729
61 3.581
62 3.810
63 3.834
64 3.707
65 3.830
66 3.820
67 3.797
68 3.885
69 3.745
70 4.067
71 3.630
72 3.732
73 3.952
74 3.757
75 3.823
76 3.907
77 4.374
78 3.816
79 4.038
80 3.760
81 3.925
82 3.954
83 3.859
84 3.869
85 3.885
86 3.801
87 3.707
88 3.811
89 3.747
90 3.832
91 4.121
92 3.607
93 3.878
94 3.958
95 3.946
96 3.911
97 3.956
98 3.776
99 3.868
100 3.794
