10 0.469
11 0.454
12 0.509
13 0.427
14 0.492
15 0.599
16 0.510
17 0.598
18 0.464
19 0.471
20 0.570
21 0.466
22 0.488
23 0.522
24 0.543
25 0.497
26 0.477
27 0.432
28 0.531
29 0.479
30 0.458
31 0.511
32 0.513
33 0.484
34 0.586
35 0.458
36 0.494
37 0.531
38 0.443
39 0.455
40 0.465
41 0.456
42 0.467
43 0.496
44 0.458
45 0.521
46 0.478
47 0.850
48 0.506
49 0.490
50 0.516
51 0.444
52 0.461
53 0.423
54 0.476
55 0.464
56 0.448
57 0.511
58 0.477
59 0.442
60 0.478
61 0.439
62 0.624
63 0.516
64 0.493
65 0.549
66 0.505
67 0.446
68 0.468
69 0.500
70 0.465
71 0.491
72 0.535
73 0.471
74 0.458
75 0.477
76 0.471
77 0.536
78 0.480
79 0.461
80 0.509
81 0.458
82 0.504
83 0.489
84 0.473
85 0.460
86 0.448
87 0.458
88 0.462
89 0.478
90 0.471
91 0.438
92 0.461
93 0.449
94 0.483
95 0.501
96 0.471
97 0.470
98 0.507
99 0.470
100 0.479
