10 1.976
11 2.024
12 1.966
13 2.521
14 2.123
15 2.004
16 1.925
17 2.206
18 1.963
19 1.932
20 2.014
21 2.698
22 2.218
23 2.174
24 2.050
25 1.996
26 2.212
27 3.103
28 1.990
29 1.970
30 1.949
31 1.963
32 1.929
33 1.936
34 2.079
35 1.905
36 3.404
37 2.498
38 2.013
39 2.001
40 2.048
41 1.992
42 1.993
43 2.106
44 1.986
45 1.988
46 2.037
47 1.958
48 1.963
49 2.006
50 1.940
51 1.932
52 1.977
53 2.701
54 2.083
55 2.025
56 2.147
57 1.989
58 2.054
59 1.958
60 1.940
61 2.035
62 1.940
63 1.974
64 1.950
65 1.929
66 2.044
67 1.929
68 2.042
69 1.935
70 1.964
71 1.939
72 1.938
73 1.936
74 1.997
75 1.924
76 1.960
77 1.937
78 1.932
79 1.971
80 1.951
81 1.923
82 1.931
83 1.972
84 2.567
85 2.019
86 2.051
87 2.018
88 2.023
89 2.009
90 1.997
91 1.955
92 1.956
93 2.191
94 1.994
95 1.956
96 2.580
97 1.986
98 1.941
99 1.954
100 1.895
