10 0.572
11 0.581
12 0.653
13 0.688
14 0.712
15 0.978
16 0.927
17 0.794
18 0.867
19 0.954
20 0.944
21 0.970
22 1.103
23 1.092
24 1.236
25 1.232
26 1.176
27 1.289
28 1.271
29 1.284
30 1.360
31 1.349
32 1.334
33 1.426
34 1.449
35 1.481
36 1.574
37 1.650
38 1.626
39 1.596
40 1.754
41 1.703
42 1.709
43 1.758
44 1.852
45 1.869
46 1.955
47 1.979
48 1.983
49 1.997
50 2.108
51 1.943
52 2.104
53 2.102
54 2.229
55 2.250
56 2.210
57 2.478
58 2.361
59 2.387
60 2.294
61 2.566
62 2.403
63 2.404
64 2.379
65 2.561
66 2.492
67 2.526
68 2.560
69 2.770
70 2.731
71 2.824
72 2.954
73 2.988
74 2.844
75 2.957
76 3.003
77 3.308
78 3.072
79 3.193
80 3.200
81 3.165
82 3.318
83 3.193
84 3.371
85 3.214
86 3.165
87 3.178
88 3.163
89 3.393
90 3.325
91 3.300
92 3.506
93 3.574
94 3.524
95 3.537
96 3.859
97 3.723
98 3.695
99 3.595
100 3.747
