10 0.146
11 0.155
12 0.143
13 0.131
14 0.135
15 0.134
16 0.134
17 0.135
18 0.148
19 0.132
20 0.134
21 0.135
22 0.133
23 0.138
24 0.137
25 0.144
26 0.183
27 0.154
28 0.134
29 0.157
30 0.133
31 0.135
32 0.136
33 0.133
34 0.136
35 0.134
36 0.134
37 0.134
38 0.136
39 0.139
40 0.135
41 0.138
42 0.134
43 0.136
44 0.136
45 0.182
46 0.137
47 0.135
48 0.136
49 0.135
50 0.173
51 0.135
52 0.200
53 0.137
54 0.241
55 0.147
56 0.137
57 0.162
58 0.140
59 0.138
60 0.156
61 0.140
62 0.140
63 0.139
64 0.137
65 0.141
66 0.139
67 0.140
68 0.140
69 0.137
70 0.138
71 0.138
72 0.136
73 0.135
74 0.178
75 0.149
76 0.137
77 0.137
78 0.133
79 0.136
80 0.132
81 0.156
82 0.134
83 0.134
84 0.136
85 0.135
86 0.138
87 0.136
88 0.177
89 0.134
90 0.132
91 0.136
92 0.133
93 0.137
94 0.136
95 0.269
96 0.138
97 0.154
98 0.251
99 0.273
100 0.145
